0.8866154527695, 0.7294477693408, 0.459547043992, 0.29386123842274, 0.29229251402071, 0.2968334221732, 
0.8866154527695, 0.7294477693408, 0.459547043992, 0.29386123842274, 0.29229251402071, 0.2968334221732, 
0.8866154527695, 0.7294477693408, 0.459547043992, 0.29386123842274, 0.29229251402071, 0.2968334221732
/e
0.93505784167678, 0.08758417427893, 0.71043668860124, 0.70671943095826, 0.60820519486824, 0.94988127469545,
0.93505784167678, 0.08758417427893, 0.71043668860124, 0.70671943095826, 0.60820519486824, 0.94988127469545, 
0.93505784167678, 0.08758417427893, 0.71043668860124, 0.70671943095826, 0.60820519486824, 0.94988127469545 
/e
0.025317722943294, 0.97940623852397, 0.9326259158238, 0.15555645346435, 0.82031822103091, 0.95105433182374,
0.025317722943294, 0.97940623852397, 0.9326259158238, 0.15555645346435, 0.82031822103091, 0.95105433182374,
0.025317722943294, 0.97940623852397, 0.9326259158238, 0.15555645346435, 0.82031822103091, 0.95105433182374
/e
0.81476005949767, 0.52566687042157, 0.36294003406676, 0.7406590658895, 0.85929885546644, 0.30274706906767,
0.81476005949767, 0.52566687042157, 0.36294003406676, 0.7406590658895, 0.85929885546644, 0.30274706906767, 
0.81476005949767, 0.52566687042157, 0.36294003406676, 0.7406590658895, 0.85929885546644, 0.30274706906767
/e
0.73391469276227, 0.25202499062383, 0.17817038445648, 0.18344572753806, 0.71372422050392, 0.22628288260954,
0.73391469276227, 0.25202499062383, 0.17817038445648, 0.18344572753806, 0.71372422050392, 0.22628288260954,
0.73391469276227, 0.25202499062383, 0.17817038445648, 0.18344572753806, 0.71372422050392, 0.22628288260954
/e
0.41517671356684, 0.4707772063421, 0.74504794261653, 0.7639997842554, 0.023301927383664, 0.87280376948081,
0.41517671356684, 0.4707772063421, 0.74504794261653, 0.7639997842554, 0.023301927383664, 0.87280376948081,
0.41517671356684, 0.4707772063421, 0.74504794261653, 0.7639997842554, 0.023301927383664, 0.87280376948081,
/e
0.84143413363091, 0.72821524726609, 0.56263577172655, 0.40465298220732, 0.21927976199392, 0.51283678715715,
0.84143413363091, 0.72821524726609, 0.56263577172655, 0.40465298220732, 0.21927976199392, 0.51283678715715,
0.84143413363091, 0.72821524726609, 0.56263577172655, 0.40465298220732, 0.21927976199392, 0.51283678715715
/e
0.5340344885057, 0.44239847196378, 0.19298264858917, 0.96876772957331, 0.73931317252075, 0.37318367435279
0.5340344885057, 0.44239847196378, 0.19298264858917, 0.96876772957331, 0.73931317252075, 0.37318367435279
0.5340344885057, 0.44239847196378, 0.19298264858917, 0.96876772957331, 0.73931317252075, 0.37318367435279
/e
0.8866154527695, 0.7294477693408, 0.459547043992, 0.29386123842274, 0.29229251402071, 0.2968334221732, 
0.8866154527695, 0.7294477693408, 0.459547043992, 0.29386123842274, 0.29229251402071, 0.2968334221732, 
0.8866154527695, 0.7294477693408, 0.459547043992, 0.29386123842274, 0.29229251402071, 0.2968334221732
/e
0.93505784167678, 0.08758417427893, 0.71043668860124, 0.70671943095826, 0.60820519486824, 0.94988127469545,
0.93505784167678, 0.08758417427893, 0.71043668860124, 0.70671943095826, 0.60820519486824, 0.94988127469545, 
0.93505784167678, 0.08758417427893, 0.71043668860124, 0.70671943095826, 0.60820519486824, 0.94988127469545 
/e
0.025317722943294, 0.97940623852397, 0.9326259158238, 0.15555645346435, 0.82031822103091, 0.95105433182374,
0.025317722943294, 0.97940623852397, 0.9326259158238, 0.15555645346435, 0.82031822103091, 0.95105433182374,
0.025317722943294, 0.97940623852397, 0.9326259158238, 0.15555645346435, 0.82031822103091, 0.95105433182374
/e
0.81476005949767, 0.52566687042157, 0.36294003406676, 0.7406590658895, 0.85929885546644, 0.30274706906767,
0.81476005949767, 0.52566687042157, 0.36294003406676, 0.7406590658895, 0.85929885546644, 0.30274706906767, 
0.81476005949767, 0.52566687042157, 0.36294003406676, 0.7406590658895, 0.85929885546644, 0.30274706906767
/e
0.73391469276227, 0.25202499062383, 0.17817038445648, 0.18344572753806, 0.71372422050392, 0.22628288260954,
0.73391469276227, 0.25202499062383, 0.17817038445648, 0.18344572753806, 0.71372422050392, 0.22628288260954,
0.73391469276227, 0.25202499062383, 0.17817038445648, 0.18344572753806, 0.71372422050392, 0.22628288260954
/e
0.41517671356684, 0.4707772063421, 0.74504794261653, 0.7639997842554, 0.023301927383664, 0.87280376948081,
0.41517671356684, 0.4707772063421, 0.74504794261653, 0.7639997842554, 0.023301927383664, 0.87280376948081,
0.41517671356684, 0.4707772063421, 0.74504794261653, 0.7639997842554, 0.023301927383664, 0.87280376948081,
/e
0.84143413363091, 0.72821524726609, 0.56263577172655, 0.40465298220732, 0.21927976199392, 0.51283678715715,
0.84143413363091, 0.72821524726609, 0.56263577172655, 0.40465298220732, 0.21927976199392, 0.51283678715715,
0.84143413363091, 0.72821524726609, 0.56263577172655, 0.40465298220732, 0.21927976199392, 0.51283678715715
/e
0.5340344885057, 0.44239847196378, 0.19298264858917, 0.96876772957331, 0.73931317252075, 0.37318367435279
0.5340344885057, 0.44239847196378, 0.19298264858917, 0.96876772957331, 0.73931317252075, 0.37318367435279
0.5340344885057, 0.44239847196378, 0.19298264858917, 0.96876772957331, 0.73931317252075, 0.37318367435279
/e
0.8866154527695, 0.7294477693408, 0.459547043992, 0.29386123842274, 0.29229251402071, 0.2968334221732, 
0.8866154527695, 0.7294477693408, 0.459547043992, 0.29386123842274, 0.29229251402071, 0.2968334221732, 
0.8866154527695, 0.7294477693408, 0.459547043992, 0.29386123842274, 0.29229251402071, 0.2968334221732
/e
0.93505784167678, 0.08758417427893, 0.71043668860124, 0.70671943095826, 0.60820519486824, 0.94988127469545,
0.93505784167678, 0.08758417427893, 0.71043668860124, 0.70671943095826, 0.60820519486824, 0.94988127469545, 
0.93505784167678, 0.08758417427893, 0.71043668860124, 0.70671943095826, 0.60820519486824, 0.94988127469545 
/e
0.025317722943294, 0.97940623852397, 0.9326259158238, 0.15555645346435, 0.82031822103091, 0.95105433182374,
0.025317722943294, 0.97940623852397, 0.9326259158238, 0.15555645346435, 0.82031822103091, 0.95105433182374,
0.025317722943294, 0.97940623852397, 0.9326259158238, 0.15555645346435, 0.82031822103091, 0.95105433182374
/e
0.81476005949767, 0.52566687042157, 0.36294003406676, 0.7406590658895, 0.85929885546644, 0.30274706906767,
0.81476005949767, 0.52566687042157, 0.36294003406676, 0.7406590658895, 0.85929885546644, 0.30274706906767, 
0.81476005949767, 0.52566687042157, 0.36294003406676, 0.7406590658895, 0.85929885546644, 0.30274706906767
/e
0.73391469276227, 0.25202499062383, 0.17817038445648, 0.18344572753806, 0.71372422050392, 0.22628288260954,
0.73391469276227, 0.25202499062383, 0.17817038445648, 0.18344572753806, 0.71372422050392, 0.22628288260954,
0.73391469276227, 0.25202499062383, 0.17817038445648, 0.18344572753806, 0.71372422050392, 0.22628288260954
/e
0.41517671356684, 0.4707772063421, 0.74504794261653, 0.7639997842554, 0.023301927383664, 0.87280376948081,
0.41517671356684, 0.4707772063421, 0.74504794261653, 0.7639997842554, 0.023301927383664, 0.87280376948081,
0.41517671356684, 0.4707772063421, 0.74504794261653, 0.7639997842554, 0.023301927383664, 0.87280376948081,
/e
0.84143413363091, 0.72821524726609, 0.56263577172655, 0.40465298220732, 0.21927976199392, 0.51283678715715,
0.84143413363091, 0.72821524726609, 0.56263577172655, 0.40465298220732, 0.21927976199392, 0.51283678715715,
0.84143413363091, 0.72821524726609, 0.56263577172655, 0.40465298220732, 0.21927976199392, 0.51283678715715
/e
0.5340344885057, 0.44239847196378, 0.19298264858917, 0.96876772957331, 0.73931317252075, 0.37318367435279
0.5340344885057, 0.44239847196378, 0.19298264858917, 0.96876772957331, 0.73931317252075, 0.37318367435279
0.5340344885057, 0.44239847196378, 0.19298264858917, 0.96876772957331, 0.73931317252075, 0.37318367435279
/e
0.8866154527695, 0.7294477693408, 0.459547043992, 0.29386123842274, 0.29229251402071, 0.2968334221732, 
0.8866154527695, 0.7294477693408, 0.459547043992, 0.29386123842274, 0.29229251402071, 0.2968334221732, 
0.8866154527695, 0.7294477693408, 0.459547043992, 0.29386123842274, 0.29229251402071, 0.2968334221732
/e
0.93505784167678, 0.08758417427893, 0.71043668860124, 0.70671943095826, 0.60820519486824, 0.94988127469545,
0.93505784167678, 0.08758417427893, 0.71043668860124, 0.70671943095826, 0.60820519486824, 0.94988127469545, 
0.93505784167678, 0.08758417427893, 0.71043668860124, 0.70671943095826, 0.60820519486824, 0.94988127469545 
/e
0.025317722943294, 0.97940623852397, 0.9326259158238, 0.15555645346435, 0.82031822103091, 0.95105433182374,
0.025317722943294, 0.97940623852397, 0.9326259158238, 0.15555645346435, 0.82031822103091, 0.95105433182374,
0.025317722943294, 0.97940623852397, 0.9326259158238, 0.15555645346435, 0.82031822103091, 0.95105433182374
/e
0.81476005949767, 0.52566687042157, 0.36294003406676, 0.7406590658895, 0.85929885546644, 0.30274706906767,
0.81476005949767, 0.52566687042157, 0.36294003406676, 0.7406590658895, 0.85929885546644, 0.30274706906767, 
0.81476005949767, 0.52566687042157, 0.36294003406676, 0.7406590658895, 0.85929885546644, 0.30274706906767
/e
0.73391469276227, 0.25202499062383, 0.17817038445648, 0.18344572753806, 0.71372422050392, 0.22628288260954,
0.73391469276227, 0.25202499062383, 0.17817038445648, 0.18344572753806, 0.71372422050392, 0.22628288260954,
0.73391469276227, 0.25202499062383, 0.17817038445648, 0.18344572753806, 0.71372422050392, 0.22628288260954
/e
0.41517671356684, 0.4707772063421, 0.74504794261653, 0.7639997842554, 0.023301927383664, 0.87280376948081,
0.41517671356684, 0.4707772063421, 0.74504794261653, 0.7639997842554, 0.023301927383664, 0.87280376948081,
0.41517671356684, 0.4707772063421, 0.74504794261653, 0.7639997842554, 0.023301927383664, 0.87280376948081,
/e
0.84143413363091, 0.72821524726609, 0.56263577172655, 0.40465298220732, 0.21927976199392, 0.51283678715715,
0.84143413363091, 0.72821524726609, 0.56263577172655, 0.40465298220732, 0.21927976199392, 0.51283678715715,
0.84143413363091, 0.72821524726609, 0.56263577172655, 0.40465298220732, 0.21927976199392, 0.51283678715715
/e
0.5340344885057, 0.44239847196378, 0.19298264858917, 0.96876772957331, 0.73931317252075, 0.37318367435279
0.5340344885057, 0.44239847196378, 0.19298264858917, 0.96876772957331, 0.73931317252075, 0.37318367435279
0.5340344885057, 0.44239847196378, 0.19298264858917, 0.96876772957331, 0.73931317252075, 0.37318367435279
/e
0.8866154527695, 0.7294477693408, 0.459547043992, 0.29386123842274, 0.29229251402071, 0.2968334221732, 
0.8866154527695, 0.7294477693408, 0.459547043992, 0.29386123842274, 0.29229251402071, 0.2968334221732, 
0.8866154527695, 0.7294477693408, 0.459547043992, 0.29386123842274, 0.29229251402071, 0.2968334221732
/e
0.93505784167678, 0.08758417427893, 0.71043668860124, 0.70671943095826, 0.60820519486824, 0.94988127469545,
0.93505784167678, 0.08758417427893, 0.71043668860124, 0.70671943095826, 0.60820519486824, 0.94988127469545, 
0.93505784167678, 0.08758417427893, 0.71043668860124, 0.70671943095826, 0.60820519486824, 0.94988127469545 
/e
0.025317722943294, 0.97940623852397, 0.9326259158238, 0.15555645346435, 0.82031822103091, 0.95105433182374,
0.025317722943294, 0.97940623852397, 0.9326259158238, 0.15555645346435, 0.82031822103091, 0.95105433182374,
0.025317722943294, 0.97940623852397, 0.9326259158238, 0.15555645346435, 0.82031822103091, 0.95105433182374
/e
0.81476005949767, 0.52566687042157, 0.36294003406676, 0.7406590658895, 0.85929885546644, 0.30274706906767,
0.81476005949767, 0.52566687042157, 0.36294003406676, 0.7406590658895, 0.85929885546644, 0.30274706906767, 
0.81476005949767, 0.52566687042157, 0.36294003406676, 0.7406590658895, 0.85929885546644, 0.30274706906767
/e
0.73391469276227, 0.25202499062383, 0.17817038445648, 0.18344572753806, 0.71372422050392, 0.22628288260954,
0.73391469276227, 0.25202499062383, 0.17817038445648, 0.18344572753806, 0.71372422050392, 0.22628288260954,
0.73391469276227, 0.25202499062383, 0.17817038445648, 0.18344572753806, 0.71372422050392, 0.22628288260954
/e
0.41517671356684, 0.4707772063421, 0.74504794261653, 0.7639997842554, 0.023301927383664, 0.87280376948081,
0.41517671356684, 0.4707772063421, 0.74504794261653, 0.7639997842554, 0.023301927383664, 0.87280376948081,
0.41517671356684, 0.4707772063421, 0.74504794261653, 0.7639997842554, 0.023301927383664, 0.87280376948081,
/e
0.84143413363091, 0.72821524726609, 0.56263577172655, 0.40465298220732, 0.21927976199392, 0.51283678715715,
0.84143413363091, 0.72821524726609, 0.56263577172655, 0.40465298220732, 0.21927976199392, 0.51283678715715,
0.84143413363091, 0.72821524726609, 0.56263577172655, 0.40465298220732, 0.21927976199392, 0.51283678715715
/e
0.5340344885057, 0.44239847196378, 0.19298264858917, 0.96876772957331, 0.73931317252075, 0.37318367435279
0.5340344885057, 0.44239847196378, 0.19298264858917, 0.96876772957331, 0.73931317252075, 0.37318367435279
0.5340344885057, 0.44239847196378, 0.19298264858917, 0.96876772957331, 0.73931317252075, 0.37318367435279
/e
0.8866154527695, 0.7294477693408, 0.459547043992, 0.29386123842274, 0.29229251402071, 0.2968334221732, 
0.8866154527695, 0.7294477693408, 0.459547043992, 0.29386123842274, 0.29229251402071, 0.2968334221732, 
0.8866154527695, 0.7294477693408, 0.459547043992, 0.29386123842274, 0.29229251402071, 0.2968334221732
/e
0.93505784167678, 0.08758417427893, 0.71043668860124, 0.70671943095826, 0.60820519486824, 0.94988127469545,
0.93505784167678, 0.08758417427893, 0.71043668860124, 0.70671943095826, 0.60820519486824, 0.94988127469545, 
0.93505784167678, 0.08758417427893, 0.71043668860124, 0.70671943095826, 0.60820519486824, 0.94988127469545 
/e
0.025317722943294, 0.97940623852397, 0.9326259158238, 0.15555645346435, 0.82031822103091, 0.95105433182374,
0.025317722943294, 0.97940623852397, 0.9326259158238, 0.15555645346435, 0.82031822103091, 0.95105433182374,
0.025317722943294, 0.97940623852397, 0.9326259158238, 0.15555645346435, 0.82031822103091, 0.95105433182374
/e
0.81476005949767, 0.52566687042157, 0.36294003406676, 0.7406590658895, 0.85929885546644, 0.30274706906767,
0.81476005949767, 0.52566687042157, 0.36294003406676, 0.7406590658895, 0.85929885546644, 0.30274706906767, 
0.81476005949767, 0.52566687042157, 0.36294003406676, 0.7406590658895, 0.85929885546644, 0.30274706906767
/e
0.73391469276227, 0.25202499062383, 0.17817038445648, 0.18344572753806, 0.71372422050392, 0.22628288260954,
0.73391469276227, 0.25202499062383, 0.17817038445648, 0.18344572753806, 0.71372422050392, 0.22628288260954,
0.73391469276227, 0.25202499062383, 0.17817038445648, 0.18344572753806, 0.71372422050392, 0.22628288260954
/e
0.41517671356684, 0.4707772063421, 0.74504794261653, 0.7639997842554, 0.023301927383664, 0.87280376948081,
0.41517671356684, 0.4707772063421, 0.74504794261653, 0.7639997842554, 0.023301927383664, 0.87280376948081,
0.41517671356684, 0.4707772063421, 0.74504794261653, 0.7639997842554, 0.023301927383664, 0.87280376948081,
/e
0.84143413363091, 0.72821524726609, 0.56263577172655, 0.40465298220732, 0.21927976199392, 0.51283678715715,
0.84143413363091, 0.72821524726609, 0.56263577172655, 0.40465298220732, 0.21927976199392, 0.51283678715715,
0.84143413363091, 0.72821524726609, 0.56263577172655, 0.40465298220732, 0.21927976199392, 0.51283678715715
/e
0.5340344885057, 0.44239847196378, 0.19298264858917, 0.96876772957331, 0.73931317252075, 0.37318367435279
0.5340344885057, 0.44239847196378, 0.19298264858917, 0.96876772957331, 0.73931317252075, 0.37318367435279
0.5340344885057, 0.44239847196378, 0.19298264858917, 0.96876772957331, 0.73931317252075, 0.37318367435279
/e
0.8866154527695, 0.7294477693408, 0.459547043992, 0.29386123842274, 0.29229251402071, 0.2968334221732, 
0.8866154527695, 0.7294477693408, 0.459547043992, 0.29386123842274, 0.29229251402071, 0.2968334221732, 
0.8866154527695, 0.7294477693408, 0.459547043992, 0.29386123842274, 0.29229251402071, 0.2968334221732
/e
0.93505784167678, 0.08758417427893, 0.71043668860124, 0.70671943095826, 0.60820519486824, 0.94988127469545,
0.93505784167678, 0.08758417427893, 0.71043668860124, 0.70671943095826, 0.60820519486824, 0.94988127469545, 
0.93505784167678, 0.08758417427893, 0.71043668860124, 0.70671943095826, 0.60820519486824, 0.94988127469545 
/e
0.025317722943294, 0.97940623852397, 0.9326259158238, 0.15555645346435, 0.82031822103091, 0.95105433182374,
0.025317722943294, 0.97940623852397, 0.9326259158238, 0.15555645346435, 0.82031822103091, 0.95105433182374,
0.025317722943294, 0.97940623852397, 0.9326259158238, 0.15555645346435, 0.82031822103091, 0.95105433182374
/e
0.81476005949767, 0.52566687042157, 0.36294003406676, 0.7406590658895, 0.85929885546644, 0.30274706906767,
0.81476005949767, 0.52566687042157, 0.36294003406676, 0.7406590658895, 0.85929885546644, 0.30274706906767, 
0.81476005949767, 0.52566687042157, 0.36294003406676, 0.7406590658895, 0.85929885546644, 0.30274706906767
/e
0.73391469276227, 0.25202499062383, 0.17817038445648, 0.18344572753806, 0.71372422050392, 0.22628288260954,
0.73391469276227, 0.25202499062383, 0.17817038445648, 0.18344572753806, 0.71372422050392, 0.22628288260954,
0.73391469276227, 0.25202499062383, 0.17817038445648, 0.18344572753806, 0.71372422050392, 0.22628288260954
/e
0.41517671356684, 0.4707772063421, 0.74504794261653, 0.7639997842554, 0.023301927383664, 0.87280376948081,
0.41517671356684, 0.4707772063421, 0.74504794261653, 0.7639997842554, 0.023301927383664, 0.87280376948081,
0.41517671356684, 0.4707772063421, 0.74504794261653, 0.7639997842554, 0.023301927383664, 0.87280376948081,
/e
0.84143413363091, 0.72821524726609, 0.56263577172655, 0.40465298220732, 0.21927976199392, 0.51283678715715,
0.84143413363091, 0.72821524726609, 0.56263577172655, 0.40465298220732, 0.21927976199392, 0.51283678715715,
0.84143413363091, 0.72821524726609, 0.56263577172655, 0.40465298220732, 0.21927976199392, 0.51283678715715
/e
0.5340344885057, 0.44239847196378, 0.19298264858917, 0.96876772957331, 0.73931317252075, 0.37318367435279
0.5340344885057, 0.44239847196378, 0.19298264858917, 0.96876772957331, 0.73931317252075, 0.37318367435279
0.5340344885057, 0.44239847196378, 0.19298264858917, 0.96876772957331, 0.73931317252075, 0.37318367435279
/e
0.8866154527695, 0.7294477693408, 0.459547043992, 0.29386123842274, 0.29229251402071, 0.2968334221732, 
0.8866154527695, 0.7294477693408, 0.459547043992, 0.29386123842274, 0.29229251402071, 0.2968334221732, 
0.8866154527695, 0.7294477693408, 0.459547043992, 0.29386123842274, 0.29229251402071, 0.2968334221732
/e
0.93505784167678, 0.08758417427893, 0.71043668860124, 0.70671943095826, 0.60820519486824, 0.94988127469545,
0.93505784167678, 0.08758417427893, 0.71043668860124, 0.70671943095826, 0.60820519486824, 0.94988127469545, 
0.93505784167678, 0.08758417427893, 0.71043668860124, 0.70671943095826, 0.60820519486824, 0.94988127469545 
/e
0.025317722943294, 0.97940623852397, 0.9326259158238, 0.15555645346435, 0.82031822103091, 0.95105433182374,
0.025317722943294, 0.97940623852397, 0.9326259158238, 0.15555645346435, 0.82031822103091, 0.95105433182374,
0.025317722943294, 0.97940623852397, 0.9326259158238, 0.15555645346435, 0.82031822103091, 0.95105433182374
/e
0.81476005949767, 0.52566687042157, 0.36294003406676, 0.7406590658895, 0.85929885546644, 0.30274706906767,
0.81476005949767, 0.52566687042157, 0.36294003406676, 0.7406590658895, 0.85929885546644, 0.30274706906767, 
0.81476005949767, 0.52566687042157, 0.36294003406676, 0.7406590658895, 0.85929885546644, 0.30274706906767
/e
0.73391469276227, 0.25202499062383, 0.17817038445648, 0.18344572753806, 0.71372422050392, 0.22628288260954,
0.73391469276227, 0.25202499062383, 0.17817038445648, 0.18344572753806, 0.71372422050392, 0.22628288260954,
0.73391469276227, 0.25202499062383, 0.17817038445648, 0.18344572753806, 0.71372422050392, 0.22628288260954
/e
0.41517671356684, 0.4707772063421, 0.74504794261653, 0.7639997842554, 0.023301927383664, 0.87280376948081,
0.41517671356684, 0.4707772063421, 0.74504794261653, 0.7639997842554, 0.023301927383664, 0.87280376948081,
0.41517671356684, 0.4707772063421, 0.74504794261653, 0.7639997842554, 0.023301927383664, 0.87280376948081,
/e
0.84143413363091, 0.72821524726609, 0.56263577172655, 0.40465298220732, 0.21927976199392, 0.51283678715715,
0.84143413363091, 0.72821524726609, 0.56263577172655, 0.40465298220732, 0.21927976199392, 0.51283678715715,
0.84143413363091, 0.72821524726609, 0.56263577172655, 0.40465298220732, 0.21927976199392, 0.51283678715715
/e
0.5340344885057, 0.44239847196378, 0.19298264858917, 0.96876772957331, 0.73931317252075, 0.37318367435279
0.5340344885057, 0.44239847196378, 0.19298264858917, 0.96876772957331, 0.73931317252075, 0.37318367435279
0.5340344885057, 0.44239847196378, 0.19298264858917, 0.96876772957331, 0.73931317252075, 0.37318367435279
/e
0.8866154527695, 0.7294477693408, 0.459547043992, 0.29386123842274, 0.29229251402071, 0.2968334221732, 
0.8866154527695, 0.7294477693408, 0.459547043992, 0.29386123842274, 0.29229251402071, 0.2968334221732, 
0.8866154527695, 0.7294477693408, 0.459547043992, 0.29386123842274, 0.29229251402071, 0.2968334221732
/e
0.93505784167678, 0.08758417427893, 0.71043668860124, 0.70671943095826, 0.60820519486824, 0.94988127469545,
0.93505784167678, 0.08758417427893, 0.71043668860124, 0.70671943095826, 0.60820519486824, 0.94988127469545, 
0.93505784167678, 0.08758417427893, 0.71043668860124, 0.70671943095826, 0.60820519486824, 0.94988127469545 
/e
0.025317722943294, 0.97940623852397, 0.9326259158238, 0.15555645346435, 0.82031822103091, 0.95105433182374,
0.025317722943294, 0.97940623852397, 0.9326259158238, 0.15555645346435, 0.82031822103091, 0.95105433182374,
0.025317722943294, 0.97940623852397, 0.9326259158238, 0.15555645346435, 0.82031822103091, 0.95105433182374
/e
0.81476005949767, 0.52566687042157, 0.36294003406676, 0.7406590658895, 0.85929885546644, 0.30274706906767,
0.81476005949767, 0.52566687042157, 0.36294003406676, 0.7406590658895, 0.85929885546644, 0.30274706906767, 
0.81476005949767, 0.52566687042157, 0.36294003406676, 0.7406590658895, 0.85929885546644, 0.30274706906767
/e
0.73391469276227, 0.25202499062383, 0.17817038445648, 0.18344572753806, 0.71372422050392, 0.22628288260954,
0.73391469276227, 0.25202499062383, 0.17817038445648, 0.18344572753806, 0.71372422050392, 0.22628288260954,
0.73391469276227, 0.25202499062383, 0.17817038445648, 0.18344572753806, 0.71372422050392, 0.22628288260954
/e
0.41517671356684, 0.4707772063421, 0.74504794261653, 0.7639997842554, 0.023301927383664, 0.87280376948081,
0.41517671356684, 0.4707772063421, 0.74504794261653, 0.7639997842554, 0.023301927383664, 0.87280376948081,
0.41517671356684, 0.4707772063421, 0.74504794261653, 0.7639997842554, 0.023301927383664, 0.87280376948081,
/e
0.84143413363091, 0.72821524726609, 0.56263577172655, 0.40465298220732, 0.21927976199392, 0.51283678715715,
0.84143413363091, 0.72821524726609, 0.56263577172655, 0.40465298220732, 0.21927976199392, 0.51283678715715,
0.84143413363091, 0.72821524726609, 0.56263577172655, 0.40465298220732, 0.21927976199392, 0.51283678715715
/e
0.5340344885057, 0.44239847196378, 0.19298264858917, 0.96876772957331, 0.73931317252075, 0.37318367435279
0.5340344885057, 0.44239847196378, 0.19298264858917, 0.96876772957331, 0.73931317252075, 0.37318367435279
0.5340344885057, 0.44239847196378, 0.19298264858917, 0.96876772957331, 0.73931317252075, 0.37318367435279
/e
0.8866154527695, 0.7294477693408, 0.459547043992, 0.29386123842274, 0.29229251402071, 0.2968334221732, 
0.8866154527695, 0.7294477693408, 0.459547043992, 0.29386123842274, 0.29229251402071, 0.2968334221732, 
0.8866154527695, 0.7294477693408, 0.459547043992, 0.29386123842274, 0.29229251402071, 0.2968334221732
/e
0.93505784167678, 0.08758417427893, 0.71043668860124, 0.70671943095826, 0.60820519486824, 0.94988127469545,
0.93505784167678, 0.08758417427893, 0.71043668860124, 0.70671943095826, 0.60820519486824, 0.94988127469545, 
0.93505784167678, 0.08758417427893, 0.71043668860124, 0.70671943095826, 0.60820519486824, 0.94988127469545 
/e
0.025317722943294, 0.97940623852397, 0.9326259158238, 0.15555645346435, 0.82031822103091, 0.95105433182374,
0.025317722943294, 0.97940623852397, 0.9326259158238, 0.15555645346435, 0.82031822103091, 0.95105433182374,
0.025317722943294, 0.97940623852397, 0.9326259158238, 0.15555645346435, 0.82031822103091, 0.95105433182374
/e
0.81476005949767, 0.52566687042157, 0.36294003406676, 0.7406590658895, 0.85929885546644, 0.30274706906767,
0.81476005949767, 0.52566687042157, 0.36294003406676, 0.7406590658895, 0.85929885546644, 0.30274706906767, 
0.81476005949767, 0.52566687042157, 0.36294003406676, 0.7406590658895, 0.85929885546644, 0.30274706906767
/e
0.73391469276227, 0.25202499062383, 0.17817038445648, 0.18344572753806, 0.71372422050392, 0.22628288260954,
0.73391469276227, 0.25202499062383, 0.17817038445648, 0.18344572753806, 0.71372422050392, 0.22628288260954,
0.73391469276227, 0.25202499062383, 0.17817038445648, 0.18344572753806, 0.71372422050392, 0.22628288260954
/e
0.41517671356684, 0.4707772063421, 0.74504794261653, 0.7639997842554, 0.023301927383664, 0.87280376948081,
0.41517671356684, 0.4707772063421, 0.74504794261653, 0.7639997842554, 0.023301927383664, 0.87280376948081,
0.41517671356684, 0.4707772063421, 0.74504794261653, 0.7639997842554, 0.023301927383664, 0.87280376948081,
/e
0.84143413363091, 0.72821524726609, 0.56263577172655, 0.40465298220732, 0.21927976199392, 0.51283678715715,
0.84143413363091, 0.72821524726609, 0.56263577172655, 0.40465298220732, 0.21927976199392, 0.51283678715715,
0.84143413363091, 0.72821524726609, 0.56263577172655, 0.40465298220732, 0.21927976199392, 0.51283678715715
/e
0.5340344885057, 0.44239847196378, 0.19298264858917, 0.96876772957331, 0.73931317252075, 0.37318367435279
0.5340344885057, 0.44239847196378, 0.19298264858917, 0.96876772957331, 0.73931317252075, 0.37318367435279
0.5340344885057, 0.44239847196378, 0.19298264858917, 0.96876772957331, 0.73931317252075, 0.37318367435279
/e
0.8866154527695, 0.7294477693408, 0.459547043992, 0.29386123842274, 0.29229251402071, 0.2968334221732, 
0.8866154527695, 0.7294477693408, 0.459547043992, 0.29386123842274, 0.29229251402071, 0.2968334221732, 
0.8866154527695, 0.7294477693408, 0.459547043992, 0.29386123842274, 0.29229251402071, 0.2968334221732
/e
0.93505784167678, 0.08758417427893, 0.71043668860124, 0.70671943095826, 0.60820519486824, 0.94988127469545,
0.93505784167678, 0.08758417427893, 0.71043668860124, 0.70671943095826, 0.60820519486824, 0.94988127469545, 
0.93505784167678, 0.08758417427893, 0.71043668860124, 0.70671943095826, 0.60820519486824, 0.94988127469545 
/e
0.025317722943294, 0.97940623852397, 0.9326259158238, 0.15555645346435, 0.82031822103091, 0.95105433182374,
0.025317722943294, 0.97940623852397, 0.9326259158238, 0.15555645346435, 0.82031822103091, 0.95105433182374,
0.025317722943294, 0.97940623852397, 0.9326259158238, 0.15555645346435, 0.82031822103091, 0.95105433182374
/e
0.81476005949767, 0.52566687042157, 0.36294003406676, 0.7406590658895, 0.85929885546644, 0.30274706906767,
0.81476005949767, 0.52566687042157, 0.36294003406676, 0.7406590658895, 0.85929885546644, 0.30274706906767, 
0.81476005949767, 0.52566687042157, 0.36294003406676, 0.7406590658895, 0.85929885546644, 0.30274706906767
/e
0.73391469276227, 0.25202499062383, 0.17817038445648, 0.18344572753806, 0.71372422050392, 0.22628288260954,
0.73391469276227, 0.25202499062383, 0.17817038445648, 0.18344572753806, 0.71372422050392, 0.22628288260954,
0.73391469276227, 0.25202499062383, 0.17817038445648, 0.18344572753806, 0.71372422050392, 0.22628288260954
/e
0.41517671356684, 0.4707772063421, 0.74504794261653, 0.7639997842554, 0.023301927383664, 0.87280376948081,
0.41517671356684, 0.4707772063421, 0.74504794261653, 0.7639997842554, 0.023301927383664, 0.87280376948081,
0.41517671356684, 0.4707772063421, 0.74504794261653, 0.7639997842554, 0.023301927383664, 0.87280376948081,
/e
0.84143413363091, 0.72821524726609, 0.56263577172655, 0.40465298220732, 0.21927976199392, 0.51283678715715,
0.84143413363091, 0.72821524726609, 0.56263577172655, 0.40465298220732, 0.21927976199392, 0.51283678715715,
0.84143413363091, 0.72821524726609, 0.56263577172655, 0.40465298220732, 0.21927976199392, 0.51283678715715
/e
0.5340344885057, 0.44239847196378, 0.19298264858917, 0.96876772957331, 0.73931317252075, 0.37318367435279
0.5340344885057, 0.44239847196378, 0.19298264858917, 0.96876772957331, 0.73931317252075, 0.37318367435279
0.5340344885057, 0.44239847196378, 0.19298264858917, 0.96876772957331, 0.73931317252075, 0.37318367435279
/e
0.8866154527695, 0.7294477693408, 0.459547043992, 0.29386123842274, 0.29229251402071, 0.2968334221732, 
0.8866154527695, 0.7294477693408, 0.459547043992, 0.29386123842274, 0.29229251402071, 0.2968334221732, 
0.8866154527695, 0.7294477693408, 0.459547043992, 0.29386123842274, 0.29229251402071, 0.2968334221732
/e
0.93505784167678, 0.08758417427893, 0.71043668860124, 0.70671943095826, 0.60820519486824, 0.94988127469545,
0.93505784167678, 0.08758417427893, 0.71043668860124, 0.70671943095826, 0.60820519486824, 0.94988127469545, 
0.93505784167678, 0.08758417427893, 0.71043668860124, 0.70671943095826, 0.60820519486824, 0.94988127469545 
/e
0.025317722943294, 0.97940623852397, 0.9326259158238, 0.15555645346435, 0.82031822103091, 0.95105433182374,
0.025317722943294, 0.97940623852397, 0.9326259158238, 0.15555645346435, 0.82031822103091, 0.95105433182374,
0.025317722943294, 0.97940623852397, 0.9326259158238, 0.15555645346435, 0.82031822103091, 0.95105433182374
/e
0.81476005949767, 0.52566687042157, 0.36294003406676, 0.7406590658895, 0.85929885546644, 0.30274706906767,
0.81476005949767, 0.52566687042157, 0.36294003406676, 0.7406590658895, 0.85929885546644, 0.30274706906767, 
0.81476005949767, 0.52566687042157, 0.36294003406676, 0.7406590658895, 0.85929885546644, 0.30274706906767
/e
0.73391469276227, 0.25202499062383, 0.17817038445648, 0.18344572753806, 0.71372422050392, 0.22628288260954,
0.73391469276227, 0.25202499062383, 0.17817038445648, 0.18344572753806, 0.71372422050392, 0.22628288260954,
0.73391469276227, 0.25202499062383, 0.17817038445648, 0.18344572753806, 0.71372422050392, 0.22628288260954
/e
0.41517671356684, 0.4707772063421, 0.74504794261653, 0.7639997842554, 0.023301927383664, 0.87280376948081,
0.41517671356684, 0.4707772063421, 0.74504794261653, 0.7639997842554, 0.023301927383664, 0.87280376948081,
0.41517671356684, 0.4707772063421, 0.74504794261653, 0.7639997842554, 0.023301927383664, 0.87280376948081,
/e
0.84143413363091, 0.72821524726609, 0.56263577172655, 0.40465298220732, 0.21927976199392, 0.51283678715715,
0.84143413363091, 0.72821524726609, 0.56263577172655, 0.40465298220732, 0.21927976199392, 0.51283678715715,
0.84143413363091, 0.72821524726609, 0.56263577172655, 0.40465298220732, 0.21927976199392, 0.51283678715715
/e
0.5340344885057, 0.44239847196378, 0.19298264858917, 0.96876772957331, 0.73931317252075, 0.37318367435279
0.5340344885057, 0.44239847196378, 0.19298264858917, 0.96876772957331, 0.73931317252075, 0.37318367435279
0.5340344885057, 0.44239847196378, 0.19298264858917, 0.96876772957331, 0.73931317252075, 0.37318367435279
/e
0.8866154527695, 0.7294477693408, 0.459547043992, 0.29386123842274, 0.29229251402071, 0.2968334221732, 
0.8866154527695, 0.7294477693408, 0.459547043992, 0.29386123842274, 0.29229251402071, 0.2968334221732, 
0.8866154527695, 0.7294477693408, 0.459547043992, 0.29386123842274, 0.29229251402071, 0.2968334221732
/e
0.93505784167678, 0.08758417427893, 0.71043668860124, 0.70671943095826, 0.60820519486824, 0.94988127469545,
0.93505784167678, 0.08758417427893, 0.71043668860124, 0.70671943095826, 0.60820519486824, 0.94988127469545, 
0.93505784167678, 0.08758417427893, 0.71043668860124, 0.70671943095826, 0.60820519486824, 0.94988127469545 
/e
0.025317722943294, 0.97940623852397, 0.9326259158238, 0.15555645346435, 0.82031822103091, 0.95105433182374,
0.025317722943294, 0.97940623852397, 0.9326259158238, 0.15555645346435, 0.82031822103091, 0.95105433182374,
0.025317722943294, 0.97940623852397, 0.9326259158238, 0.15555645346435, 0.82031822103091, 0.95105433182374
/e
0.81476005949767, 0.52566687042157, 0.36294003406676, 0.7406590658895, 0.85929885546644, 0.30274706906767,
0.81476005949767, 0.52566687042157, 0.36294003406676, 0.7406590658895, 0.85929885546644, 0.30274706906767, 
0.81476005949767, 0.52566687042157, 0.36294003406676, 0.7406590658895, 0.85929885546644, 0.30274706906767
/e
0.73391469276227, 0.25202499062383, 0.17817038445648, 0.18344572753806, 0.71372422050392, 0.22628288260954,
0.73391469276227, 0.25202499062383, 0.17817038445648, 0.18344572753806, 0.71372422050392, 0.22628288260954,
0.73391469276227, 0.25202499062383, 0.17817038445648, 0.18344572753806, 0.71372422050392, 0.22628288260954
/e
0.41517671356684, 0.4707772063421, 0.74504794261653, 0.7639997842554, 0.023301927383664, 0.87280376948081,
0.41517671356684, 0.4707772063421, 0.74504794261653, 0.7639997842554, 0.023301927383664, 0.87280376948081,
0.41517671356684, 0.4707772063421, 0.74504794261653, 0.7639997842554, 0.023301927383664, 0.87280376948081,
/e
0.84143413363091, 0.72821524726609, 0.56263577172655, 0.40465298220732, 0.21927976199392, 0.51283678715715,
0.84143413363091, 0.72821524726609, 0.56263577172655, 0.40465298220732, 0.21927976199392, 0.51283678715715,
0.84143413363091, 0.72821524726609, 0.56263577172655, 0.40465298220732, 0.21927976199392, 0.51283678715715
/e
0.5340344885057, 0.44239847196378, 0.19298264858917, 0.96876772957331, 0.73931317252075, 0.37318367435279
0.5340344885057, 0.44239847196378, 0.19298264858917, 0.96876772957331, 0.73931317252075, 0.37318367435279
0.5340344885057, 0.44239847196378, 0.19298264858917, 0.96876772957331, 0.73931317252075, 0.37318367435279
/e
0.8866154527695, 0.7294477693408, 0.459547043992, 0.29386123842274, 0.29229251402071, 0.2968334221732, 
0.8866154527695, 0.7294477693408, 0.459547043992, 0.29386123842274, 0.29229251402071, 0.2968334221732, 
0.8866154527695, 0.7294477693408, 0.459547043992, 0.29386123842274, 0.29229251402071, 0.2968334221732
/e
0.93505784167678, 0.08758417427893, 0.71043668860124, 0.70671943095826, 0.60820519486824, 0.94988127469545,
0.93505784167678, 0.08758417427893, 0.71043668860124, 0.70671943095826, 0.60820519486824, 0.94988127469545, 
0.93505784167678, 0.08758417427893, 0.71043668860124, 0.70671943095826, 0.60820519486824, 0.94988127469545 
/e
0.025317722943294, 0.97940623852397, 0.9326259158238, 0.15555645346435, 0.82031822103091, 0.95105433182374,
0.025317722943294, 0.97940623852397, 0.9326259158238, 0.15555645346435, 0.82031822103091, 0.95105433182374,
0.025317722943294, 0.97940623852397, 0.9326259158238, 0.15555645346435, 0.82031822103091, 0.95105433182374
/e
0.81476005949767, 0.52566687042157, 0.36294003406676, 0.7406590658895, 0.85929885546644, 0.30274706906767,
0.81476005949767, 0.52566687042157, 0.36294003406676, 0.7406590658895, 0.85929885546644, 0.30274706906767, 
0.81476005949767, 0.52566687042157, 0.36294003406676, 0.7406590658895, 0.85929885546644, 0.30274706906767
/e
0.73391469276227, 0.25202499062383, 0.17817038445648, 0.18344572753806, 0.71372422050392, 0.22628288260954,
0.73391469276227, 0.25202499062383, 0.17817038445648, 0.18344572753806, 0.71372422050392, 0.22628288260954,
0.73391469276227, 0.25202499062383, 0.17817038445648, 0.18344572753806, 0.71372422050392, 0.22628288260954
/e
0.41517671356684, 0.4707772063421, 0.74504794261653, 0.7639997842554, 0.023301927383664, 0.87280376948081,
0.41517671356684, 0.4707772063421, 0.74504794261653, 0.7639997842554, 0.023301927383664, 0.87280376948081,
0.41517671356684, 0.4707772063421, 0.74504794261653, 0.7639997842554, 0.023301927383664, 0.87280376948081,
/e
0.84143413363091, 0.72821524726609, 0.56263577172655, 0.40465298220732, 0.21927976199392, 0.51283678715715,
0.84143413363091, 0.72821524726609, 0.56263577172655, 0.40465298220732, 0.21927976199392, 0.51283678715715,
0.84143413363091, 0.72821524726609, 0.56263577172655, 0.40465298220732, 0.21927976199392, 0.51283678715715
/e
0.5340344885057, 0.44239847196378, 0.19298264858917, 0.96876772957331, 0.73931317252075, 0.37318367435279
0.5340344885057, 0.44239847196378, 0.19298264858917, 0.96876772957331, 0.73931317252075, 0.37318367435279
0.5340344885057, 0.44239847196378, 0.19298264858917, 0.96876772957331, 0.73931317252075, 0.37318367435279
/e
0.8866154527695, 0.7294477693408, 0.459547043992, 0.29386123842274, 0.29229251402071, 0.2968334221732, 
0.8866154527695, 0.7294477693408, 0.459547043992, 0.29386123842274, 0.29229251402071, 0.2968334221732, 
0.8866154527695, 0.7294477693408, 0.459547043992, 0.29386123842274, 0.29229251402071, 0.2968334221732
/e
0.93505784167678, 0.08758417427893, 0.71043668860124, 0.70671943095826, 0.60820519486824, 0.94988127469545,
0.93505784167678, 0.08758417427893, 0.71043668860124, 0.70671943095826, 0.60820519486824, 0.94988127469545, 
0.93505784167678, 0.08758417427893, 0.71043668860124, 0.70671943095826, 0.60820519486824, 0.94988127469545 
/e
0.025317722943294, 0.97940623852397, 0.9326259158238, 0.15555645346435, 0.82031822103091, 0.95105433182374,
0.025317722943294, 0.97940623852397, 0.9326259158238, 0.15555645346435, 0.82031822103091, 0.95105433182374,
0.025317722943294, 0.97940623852397, 0.9326259158238, 0.15555645346435, 0.82031822103091, 0.95105433182374
/e
0.81476005949767, 0.52566687042157, 0.36294003406676, 0.7406590658895, 0.85929885546644, 0.30274706906767,
0.81476005949767, 0.52566687042157, 0.36294003406676, 0.7406590658895, 0.85929885546644, 0.30274706906767, 
0.81476005949767, 0.52566687042157, 0.36294003406676, 0.7406590658895, 0.85929885546644, 0.30274706906767
/e
0.73391469276227, 0.25202499062383, 0.17817038445648, 0.18344572753806, 0.71372422050392, 0.22628288260954,
0.73391469276227, 0.25202499062383, 0.17817038445648, 0.18344572753806, 0.71372422050392, 0.22628288260954,
0.73391469276227, 0.25202499062383, 0.17817038445648, 0.18344572753806, 0.71372422050392, 0.22628288260954
/e
0.41517671356684, 0.4707772063421, 0.74504794261653, 0.7639997842554, 0.023301927383664, 0.87280376948081,
0.41517671356684, 0.4707772063421, 0.74504794261653, 0.7639997842554, 0.023301927383664, 0.87280376948081,
0.41517671356684, 0.4707772063421, 0.74504794261653, 0.7639997842554, 0.023301927383664, 0.87280376948081,
/e
0.84143413363091, 0.72821524726609, 0.56263577172655, 0.40465298220732, 0.21927976199392, 0.51283678715715,
0.84143413363091, 0.72821524726609, 0.56263577172655, 0.40465298220732, 0.21927976199392, 0.51283678715715,
0.84143413363091, 0.72821524726609, 0.56263577172655, 0.40465298220732, 0.21927976199392, 0.51283678715715
/e
0.5340344885057, 0.44239847196378, 0.19298264858917, 0.96876772957331, 0.73931317252075, 0.37318367435279
0.5340344885057, 0.44239847196378, 0.19298264858917, 0.96876772957331, 0.73931317252075, 0.37318367435279
0.5340344885057, 0.44239847196378, 0.19298264858917, 0.96876772957331, 0.73931317252075, 0.37318367435279
/e
0.8866154527695, 0.7294477693408, 0.459547043992, 0.29386123842274, 0.29229251402071, 0.2968334221732, 
0.8866154527695, 0.7294477693408, 0.459547043992, 0.29386123842274, 0.29229251402071, 0.2968334221732, 
0.8866154527695, 0.7294477693408, 0.459547043992, 0.29386123842274, 0.29229251402071, 0.2968334221732
/e
0.93505784167678, 0.08758417427893, 0.71043668860124, 0.70671943095826, 0.60820519486824, 0.94988127469545,
0.93505784167678, 0.08758417427893, 0.71043668860124, 0.70671943095826, 0.60820519486824, 0.94988127469545, 
0.93505784167678, 0.08758417427893, 0.71043668860124, 0.70671943095826, 0.60820519486824, 0.94988127469545 
/e
0.025317722943294, 0.97940623852397, 0.9326259158238, 0.15555645346435, 0.82031822103091, 0.95105433182374,
0.025317722943294, 0.97940623852397, 0.9326259158238, 0.15555645346435, 0.82031822103091, 0.95105433182374,
0.025317722943294, 0.97940623852397, 0.9326259158238, 0.15555645346435, 0.82031822103091, 0.95105433182374
/e
0.81476005949767, 0.52566687042157, 0.36294003406676, 0.7406590658895, 0.85929885546644, 0.30274706906767,
0.81476005949767, 0.52566687042157, 0.36294003406676, 0.7406590658895, 0.85929885546644, 0.30274706906767, 
0.81476005949767, 0.52566687042157, 0.36294003406676, 0.7406590658895, 0.85929885546644, 0.30274706906767
/e
0.73391469276227, 0.25202499062383, 0.17817038445648, 0.18344572753806, 0.71372422050392, 0.22628288260954,
0.73391469276227, 0.25202499062383, 0.17817038445648, 0.18344572753806, 0.71372422050392, 0.22628288260954,
0.73391469276227, 0.25202499062383, 0.17817038445648, 0.18344572753806, 0.71372422050392, 0.22628288260954
/e
0.41517671356684, 0.4707772063421, 0.74504794261653, 0.7639997842554, 0.023301927383664, 0.87280376948081,
0.41517671356684, 0.4707772063421, 0.74504794261653, 0.7639997842554, 0.023301927383664, 0.87280376948081,
0.41517671356684, 0.4707772063421, 0.74504794261653, 0.7639997842554, 0.023301927383664, 0.87280376948081,
/e
0.84143413363091, 0.72821524726609, 0.56263577172655, 0.40465298220732, 0.21927976199392, 0.51283678715715,
0.84143413363091, 0.72821524726609, 0.56263577172655, 0.40465298220732, 0.21927976199392, 0.51283678715715,
0.84143413363091, 0.72821524726609, 0.56263577172655, 0.40465298220732, 0.21927976199392, 0.51283678715715
/e
0.5340344885057, 0.44239847196378, 0.19298264858917, 0.96876772957331, 0.73931317252075, 0.37318367435279
0.5340344885057, 0.44239847196378, 0.19298264858917, 0.96876772957331, 0.73931317252075, 0.37318367435279
0.5340344885057, 0.44239847196378, 0.19298264858917, 0.96876772957331, 0.73931317252075, 0.37318367435279
/e
0.8866154527695, 0.7294477693408, 0.459547043992, 0.29386123842274, 0.29229251402071, 0.2968334221732, 
0.8866154527695, 0.7294477693408, 0.459547043992, 0.29386123842274, 0.29229251402071, 0.2968334221732, 
0.8866154527695, 0.7294477693408, 0.459547043992, 0.29386123842274, 0.29229251402071, 0.2968334221732
/e
0.93505784167678, 0.08758417427893, 0.71043668860124, 0.70671943095826, 0.60820519486824, 0.94988127469545,
0.93505784167678, 0.08758417427893, 0.71043668860124, 0.70671943095826, 0.60820519486824, 0.94988127469545, 
0.93505784167678, 0.08758417427893, 0.71043668860124, 0.70671943095826, 0.60820519486824, 0.94988127469545 
/e
0.025317722943294, 0.97940623852397, 0.9326259158238, 0.15555645346435, 0.82031822103091, 0.95105433182374,
0.025317722943294, 0.97940623852397, 0.9326259158238, 0.15555645346435, 0.82031822103091, 0.95105433182374,
0.025317722943294, 0.97940623852397, 0.9326259158238, 0.15555645346435, 0.82031822103091, 0.95105433182374
/e
0.81476005949767, 0.52566687042157, 0.36294003406676, 0.7406590658895, 0.85929885546644, 0.30274706906767,
0.81476005949767, 0.52566687042157, 0.36294003406676, 0.7406590658895, 0.85929885546644, 0.30274706906767, 
0.81476005949767, 0.52566687042157, 0.36294003406676, 0.7406590658895, 0.85929885546644, 0.30274706906767
/e
0.73391469276227, 0.25202499062383, 0.17817038445648, 0.18344572753806, 0.71372422050392, 0.22628288260954,
0.73391469276227, 0.25202499062383, 0.17817038445648, 0.18344572753806, 0.71372422050392, 0.22628288260954,
0.73391469276227, 0.25202499062383, 0.17817038445648, 0.18344572753806, 0.71372422050392, 0.22628288260954
/e
0.41517671356684, 0.4707772063421, 0.74504794261653, 0.7639997842554, 0.023301927383664, 0.87280376948081,
0.41517671356684, 0.4707772063421, 0.74504794261653, 0.7639997842554, 0.023301927383664, 0.87280376948081,
0.41517671356684, 0.4707772063421, 0.74504794261653, 0.7639997842554, 0.023301927383664, 0.87280376948081,
/e
0.84143413363091, 0.72821524726609, 0.56263577172655, 0.40465298220732, 0.21927976199392, 0.51283678715715,
0.84143413363091, 0.72821524726609, 0.56263577172655, 0.40465298220732, 0.21927976199392, 0.51283678715715,
0.84143413363091, 0.72821524726609, 0.56263577172655, 0.40465298220732, 0.21927976199392, 0.51283678715715
/e
0.5340344885057, 0.44239847196378, 0.19298264858917, 0.96876772957331, 0.73931317252075, 0.37318367435279
0.5340344885057, 0.44239847196378, 0.19298264858917, 0.96876772957331, 0.73931317252075, 0.37318367435279
0.5340344885057, 0.44239847196378, 0.19298264858917, 0.96876772957331, 0.73931317252075, 0.37318367435279
/e
0.8866154527695, 0.7294477693408, 0.459547043992, 0.29386123842274, 0.29229251402071, 0.2968334221732, 
0.8866154527695, 0.7294477693408, 0.459547043992, 0.29386123842274, 0.29229251402071, 0.2968334221732, 
0.8866154527695, 0.7294477693408, 0.459547043992, 0.29386123842274, 0.29229251402071, 0.2968334221732
/e
0.93505784167678, 0.08758417427893, 0.71043668860124, 0.70671943095826, 0.60820519486824, 0.94988127469545,
0.93505784167678, 0.08758417427893, 0.71043668860124, 0.70671943095826, 0.60820519486824, 0.94988127469545, 
0.93505784167678, 0.08758417427893, 0.71043668860124, 0.70671943095826, 0.60820519486824, 0.94988127469545 
/e
0.025317722943294, 0.97940623852397, 0.9326259158238, 0.15555645346435, 0.82031822103091, 0.95105433182374,
0.025317722943294, 0.97940623852397, 0.9326259158238, 0.15555645346435, 0.82031822103091, 0.95105433182374,
0.025317722943294, 0.97940623852397, 0.9326259158238, 0.15555645346435, 0.82031822103091, 0.95105433182374
/e
0.81476005949767, 0.52566687042157, 0.36294003406676, 0.7406590658895, 0.85929885546644, 0.30274706906767,
0.81476005949767, 0.52566687042157, 0.36294003406676, 0.7406590658895, 0.85929885546644, 0.30274706906767, 
0.81476005949767, 0.52566687042157, 0.36294003406676, 0.7406590658895, 0.85929885546644, 0.30274706906767
/e
0.73391469276227, 0.25202499062383, 0.17817038445648, 0.18344572753806, 0.71372422050392, 0.22628288260954,
0.73391469276227, 0.25202499062383, 0.17817038445648, 0.18344572753806, 0.71372422050392, 0.22628288260954,
0.73391469276227, 0.25202499062383, 0.17817038445648, 0.18344572753806, 0.71372422050392, 0.22628288260954
/e
0.41517671356684, 0.4707772063421, 0.74504794261653, 0.7639997842554, 0.023301927383664, 0.87280376948081,
0.41517671356684, 0.4707772063421, 0.74504794261653, 0.7639997842554, 0.023301927383664, 0.87280376948081,
0.41517671356684, 0.4707772063421, 0.74504794261653, 0.7639997842554, 0.023301927383664, 0.87280376948081,
/e
0.84143413363091, 0.72821524726609, 0.56263577172655, 0.40465298220732, 0.21927976199392, 0.51283678715715,
0.84143413363091, 0.72821524726609, 0.56263577172655, 0.40465298220732, 0.21927976199392, 0.51283678715715,
0.84143413363091, 0.72821524726609, 0.56263577172655, 0.40465298220732, 0.21927976199392, 0.51283678715715
/e
0.5340344885057, 0.44239847196378, 0.19298264858917, 0.96876772957331, 0.73931317252075, 0.37318367435279
0.5340344885057, 0.44239847196378, 0.19298264858917, 0.96876772957331, 0.73931317252075, 0.37318367435279
0.5340344885057, 0.44239847196378, 0.19298264858917, 0.96876772957331, 0.73931317252075, 0.37318367435279
/e
0.8866154527695, 0.7294477693408, 0.459547043992, 0.29386123842274, 0.29229251402071, 0.2968334221732, 
0.8866154527695, 0.7294477693408, 0.459547043992, 0.29386123842274, 0.29229251402071, 0.2968334221732, 
0.8866154527695, 0.7294477693408, 0.459547043992, 0.29386123842274, 0.29229251402071, 0.2968334221732
/e
0.93505784167678, 0.08758417427893, 0.71043668860124, 0.70671943095826, 0.60820519486824, 0.94988127469545,
0.93505784167678, 0.08758417427893, 0.71043668860124, 0.70671943095826, 0.60820519486824, 0.94988127469545, 
0.93505784167678, 0.08758417427893, 0.71043668860124, 0.70671943095826, 0.60820519486824, 0.94988127469545 
/e
0.025317722943294, 0.97940623852397, 0.9326259158238, 0.15555645346435, 0.82031822103091, 0.95105433182374,
0.025317722943294, 0.97940623852397, 0.9326259158238, 0.15555645346435, 0.82031822103091, 0.95105433182374,
0.025317722943294, 0.97940623852397, 0.9326259158238, 0.15555645346435, 0.82031822103091, 0.95105433182374
/e
0.81476005949767, 0.52566687042157, 0.36294003406676, 0.7406590658895, 0.85929885546644, 0.30274706906767,
0.81476005949767, 0.52566687042157, 0.36294003406676, 0.7406590658895, 0.85929885546644, 0.30274706906767, 
0.81476005949767, 0.52566687042157, 0.36294003406676, 0.7406590658895, 0.85929885546644, 0.30274706906767
/e
0.73391469276227, 0.25202499062383, 0.17817038445648, 0.18344572753806, 0.71372422050392, 0.22628288260954,
0.73391469276227, 0.25202499062383, 0.17817038445648, 0.18344572753806, 0.71372422050392, 0.22628288260954,
0.73391469276227, 0.25202499062383, 0.17817038445648, 0.18344572753806, 0.71372422050392, 0.22628288260954
/e
0.41517671356684, 0.4707772063421, 0.74504794261653, 0.7639997842554, 0.023301927383664, 0.87280376948081,
0.41517671356684, 0.4707772063421, 0.74504794261653, 0.7639997842554, 0.023301927383664, 0.87280376948081,
0.41517671356684, 0.4707772063421, 0.74504794261653, 0.7639997842554, 0.023301927383664, 0.87280376948081,
/e
0.84143413363091, 0.72821524726609, 0.56263577172655, 0.40465298220732, 0.21927976199392, 0.51283678715715,
0.84143413363091, 0.72821524726609, 0.56263577172655, 0.40465298220732, 0.21927976199392, 0.51283678715715,
0.84143413363091, 0.72821524726609, 0.56263577172655, 0.40465298220732, 0.21927976199392, 0.51283678715715
/e
0.5340344885057, 0.44239847196378, 0.19298264858917, 0.96876772957331, 0.73931317252075, 0.37318367435279
0.5340344885057, 0.44239847196378, 0.19298264858917, 0.96876772957331, 0.73931317252075, 0.37318367435279
0.5340344885057, 0.44239847196378, 0.19298264858917, 0.96876772957331, 0.73931317252075, 0.37318367435279